((("_rand_swap" .
   [1 0 0 0 0 0 0 0 0 0])
  ("gamma" .
   [2 0 0 0 0])
  ("delta_put" .
   [2 0 0 0 0 0 0 0 0])
  ("delta" .
   [4 0 0 0 0])
  ("delta_call" .
   [2 0 0 0 0 0 0 0 0 0])
  ("_get_defaults" .
   [1 0 0 0 0 0 0 0 0 0 0 0 0])
  ("kwargs" .
   [4 0 0 0 0 0])
  ("price" .
   [2 0 0 0 0])
  ("_black_scholes_call" .
   [1 0 0 0 0 0 0 0 0 0 0 0 0 0 0 0 0 0 0])
  ("_black_scholes_put" .
   [1 0 0 0 0 0 1 0 0 0 0 0 0 0 0 0 0 0])
  ("payoff" .
   [15 0 0 0 0 0])
  ("CDF" .
   [2 0 0])
  ("Payoff" .
   [8 0 0 0 0 0])
  ("numer" .
   [1 0 0 0 0])
  ("sqrt" .
   [1 0 0 0])
  ("vol" .
   [21 0 0])
  ("sqrt_T" .
   [0 0 0 0 0 1])
  ("_get_d1" .
   [1 0 0 0 0 0 0])
  ("norm" .
   [1 0 0 0])
  ("hard" .
   [2 0 0 0])
  ("_get_mul_gf_hard" .
   [0 0 0 0 0 0 0 0 0 0 0 1 0 0 0 0])
  ("_get_mul_x" .
   [0 0 0 0 0 0 0 0 0 1])
  ("base" .
   [3 0 0 0])
  ("_get_mul_x12or9" .
   [1 0 0 0 0 0 0 0 0 0 0 0 0 0 0])
  ("build_pcount" .
   [0 0 0 0 1 0 0 0 0 0 0 0])
  ("n_curr" .
   [1 0 0 0 0 0])
  ("display_count" .
   [2 0 0 0 0 0 0 0 0 0 0 0 0])
  ("sec" .
   [1 0 0])
  ("Problem" .
   [1 0 0 0 0 0 0])
  ("_fmt_base" .
   [1 0 0 0 0 0 0 0 0])
  ("q_and_a" .
   [1 0 0 0 0 0 0])
  ("to" .
   [1 0])
  ("SHOW_ERROR" .
   [3 0 0 0 0 0 0 0 0 0])
  ("_get_mul_2x2_dec" .
   [1 0 0 0 0 0 0 0 0 0 0 0 0 0 0 0])
  ("_get_mul_sml_2x2" .
   [3 0 0 0 0 0 0 0 0 0 0 0 0 0 0 0])
  ("err" .
   [2 0 0])
  ("to_type" .
   [1 0 0 0 0 0 0])
  ("relative_error" .
   [0 0 0 0 0 0 0 0 1 0 0 0 0 0])
  ("solution" .
   [2 0 0 0 0 0 0 0])
  ("_get_mul_sml" .
   [1 0 0 0 0 0 0 0 0 0 0 0])
  ("_get_mul_approx" .
   [1 0 0 0 0 0 0 0 0 0 0 0 0 0 0])
  ("validate" .
   [13 0 0 0 0 0 0 0])
  ("ans" .
   [5 0 0])
  ("strip" .
   [1 0 0 0 0])
  ("is_repeat" .
   [2 0 0 0 0 0 0 0 0])
  ("print_or_say" .
   [0 0 0 0 0 0 0 0 1 0 0 0])
  ("do_alpine" .
   [1 0 0 0 0 0 0 0 0])
  ("msg" .
   [7 0 0])
  ("is_quit" .
   [1 0 0 0 0 0 0])
  ("pargs" .
   [6 0 0 0 0])
  ("Enum" .
   [2 0 0 0])
  ("max_time" .
   [1 0 0 0 0 0 0 0])
  ("audio" .
   [2 0 0 0 0])
  ("n_questions" .
   [3 0 0 0 0 0 0 0 0 0 0])
  ("Action" .
   [21 0 0 0 0 0])
  ("REPEAT" .
   [2 0 0 0 0 0])
  ("action" .
   [19 0 0 0 0 0])
  ("QUIT" .
   [3 0 0 0])
  ("do_one_question" .
   [2 0 0 0 0 0 0 0 0 0 0 0 0 0 0])
  ("handle_input" .
   [0 0 0 0 0 0 1 0 0 0 0 0])
  ("qa_obj" .
   [8 0 0 0 0 0])
  ("qa_num" .
   [2 0 0 0 0 0])
  ("use_audio" .
   [8 0 0 0 0 0 0 0 0])
  ("problem" .
   [2 0 0 0 0 0 0])
  ("count" .
   [2 0 0 0 0])
  ("correct" .
   [9 0 0 0 0 0 0])
  ("pcount" .
   [8 0 0 0 0 0])
  ("questions" .
   [2 0 0 0 0 0 0 0 0])
  ("total_t" .
   [1 0 0 0 0 0 0])
  ("problems" .
   [1 0 0 0 0 0 0 0])
  ("incorr" .
   [1 0 0 0 0 0])
  ("user_input" .
   [11 0 0 0 0 0 0 0 0 0])
  ("PSET_NAMES" .
   [1 0 0 0 0 0 0 0 0 0])
  ("PSETS" .
   [1 0 0 0 0])
  ("pset_name" .
   [2 0 0 0 0 0 0 0 0])
  ("pset" .
   [6 0 0 0])
  ("set_n" .
   [1 0 0 0 0])
  ("Pset" .
   [2 0 0 0])
  ("getter" .
   [2 0 0 0 0 0])
  ("box" .
   [6 0 0])
  ("is_equal" .
   [9 0 0 0 0 0 0 0])
  ("fmt" .
   [10 0 0])
  ("get_questions" .
   [1 0 0 0 0 0 0 0 0 0 0 0 0])
  ("answer" .
   [7 0 0 0 0 0])
  ("Response" .
   [1 0 0 0 0 0 0 0])
  ("SKIP" .
   [4 0 0 0])
  ("VALIDATE" .
   [8 0 0 0 0 0 0 0])
  ("Question" .
   [1 0 0 0 0 0 0 0])
  ("op" .
   [5 0])
  ("rhs" .
   [9 0 0])
  ("gt" .
   [5 0])
  ("_get_mul_table" .
   [1 0 0 0 0 0 0 0 0 0 0 0 0 0])
  ("_is_equal" .
   [1 0 0 0 0 0 0 0 0])
  ("_fmt" .
   [1 0 0 0])
  ("fn" .
   [4 0])
  ("_get_table" .
   [1 0 0 0 0 0 0 0 0 0])
  ("lhs" .
   [8 0 0])
  ("quest" .
   [1 0 0 0 0])
  ("op_word" .
   [1 0 0 0 0 0 0])
  ("prompt" .
   [2 0 0 0 0 0])
  ("question" .
   [2 0 0 0 0 0 0 0])
  ("sq" .
   [1 0])
  ("say" .
   [2 0 0])
  ("op_desc" .
   [1 0 0 0 0 0 0])
  ("name" .
   [1 0 0 0])
  ("gen_big" .
   [1 0 0 0 0 0 0])
  ("qas" .
   [5 0 0])
  ("Decimal" .
   [1 0 0 0 0 0 0])
  ("dec" .
   [1 0 0])
  ("fmt_sci" .
   [1 0 0 0 0 0 0])
  ("randint" .
   [1 0 0 0 0 0 0])
  ("size" .
   [4 0 0 0])
  ("_get_add_p1" .
   [2 0 0 0 0 0 0 0 0 0 0])
  ("color" .
   [2 0 0 0 0])
  ("#blog" .
   [1 0 0 0 0])
  ("red" .
   [1 0 0])
  ("important" .
   [1 0 0 0 0 0 0 0 0])
  ("denom" .
   [6 0 0 0 0])))
